$ANSIBLE_VAULT;1.1;AES256
63356339653064616163666634613236626133653362313866393038346463373865376661303232
6131636239633939356630336536356433633430393232630a396538613466343434666463626662
33613731383931383166386534663132646362333130643665663539303864323132333130376436
6263663837616566650a376533363637353133633262623831646232336336663562303530363764
36386261656533333761643461616332303435636263613566653336353966643333623564343466
65306136643663643764613966373431373333343338363333633165373461633462393635353761
38636461633439656162613865633830636563393136313531613531316533376233656663626235
30303133336363663064363761303561363562666130343532663632316330333031316338356464
61376366643864643437623638633966373061313932366437303639306432373436303463316639
32326239643365613637666532386437343663623266313463656463353731326133383364373037
61366230323830366561396464643765323561323165303335323533363566613134333739633631
39613132323835303135663438633033393661666161386663353365386432643733356135383761
63356533303234333534306232383865343461666562396461376330333732653361396437633131
66616561376133626330303236626461313536653461386135623035393130373935663139656233
63643833666635633738326532653364356531623064386165383663376438306466666262313363
38356563613366616238356664346364663336323834653966323564616331633036303034303731
31323865313632396564313064383166636637623962383133613030633036336436346531643466
66393132303861633033303661326464303261306436303763616633346663623562303138623938
64303263393862386335303866376436346230363233633938363162623334666361323739643065
38636336666234376436396566353830303661383232386562656132656462653466353637616339
36656539613437636631633233646262323737356135646632663535663432646662333435613237
33653935613565356539613331366164306531356238333539633430613934633132623866386663
316639613737623236383237336630373465
